100	0.006264	0.003991	0.001554	0.002293	0.001452	0.011279
200	0.036124	0.021313	0.010655	0.008630	0.004957	0.010662
300	0.095017	0.072014	0.043902	0.032031	0.013084	0.016198
400	0.216879	0.170387	0.085221	0.046812	0.031771	0.035482
500	0.429365	0.332858	0.166741	0.115427	0.058511	0.058295
600	0.717171	0.574645	0.287531	0.128157	0.106115	0.093423
700	1.200493	0.913135	0.456571	0.308000	0.195674	0.141035
800	1.879093	1.361151	0.680874	0.325121	0.293328	0.203642
900	2.688730	1.939332	0.970850	0.453400	0.480388	0.287203
1000	3.581074	2.661233	1.354711	0.600342	0.594528	0.396509
